
Processing bmesons.C++...
Info in <TUnixSystem::ACLiC>: creating shared library /home/t3cms/u20mcarolina/work2/BinQGP/./bmesons_C.so
In file included from input_line_12:6:
././bmesons.C:833:49: warning: format string is not a string literal (potentially insecure) [-Wformat-security]
  TH1D* histo_variable = (TH1D*)f_wei->Get(Form("weights_"+variable));
                                                ^~~~~~~~~~~~~~~~~~~
././bmesons.C:833:49: note: treat the string as an argument to avoid this
  TH1D* histo_variable = (TH1D*)f_wei->Get(Form("weights_"+variable));
                                                ^
                                                "%s", 

[1mRooFit v3.60 -- Developed by Wouter Verkerke and David Kirkby[0m 
                Copyright (C) 2000-2013 NIKHEF, University of California & Stanford University
                All rights reserved, please read http://roofit.sourceforge.net/license.txt

[#1] INFO:ObjectHandling -- RooWorkspace::import(ws) importing RooRealVar::Bmass
[#1] INFO:ObjectHandling -- RooWorkspace::import(ws) importing RooRealVar::Bmu1eta
[#1] INFO:Eval -- RooAbsReal::attachToTree(Bmass) TTree Float_t branch Bmass will be converted to double precision
[#1] INFO:Eval -- RooAbsReal::attachToTree(Bmu1eta) TTree Float_t branch Bmu1eta will be converted to double precision
[#1] INFO:Eval -- RooTreeDataStore::loadValues(data) Ignored 113295 out of range events
[#1] INFO:ObjectHandling -- RooWorkspace::import(ws) importing dataset data
[#1] INFO:ObjectHandling -- RooWorkSpace::import(ws) changing name of dataset from  data to data
choice nominal
buid pdf 0 nominal
buid pdf 1 nominal
buid pdf 2 nominal
buid pdf 3 nominal
[#1] INFO:Eval -- RooRealVar::setRange(Bmass) new range named 'all' created with bounds [4.9,6.5]
[#1] INFO:Eval -- RooRealVar::setRange(Bmass) new range named 'right' created with bounds [5.4,6.5]
[#1] INFO:Eval -- RooRealVar::setRange(Bmass) new range named 'left' created with bounds [4.9,5.15]
[#1] INFO:Eval -- RooRealVar::setRange(Bmass) new range named 'peak' created with bounds [5.15,5.4]
[#1] INFO:Eval -- RooRealVar::setRange(Bmass) new range named 'peakright' created with bounds [5.15,6.5]
[#1] INFO:ObjectHandling -- RooWorkspace::import(ws) importing RooAddPdf::model
[#1] INFO:ObjectHandling -- RooWorkspace::import(ws) importing RooAddPdf::signal
[#1] INFO:ObjectHandling -- RooWorkspace::import(ws) importing RooGaussian::signal1
[#1] INFO:ObjectHandling -- RooWorkspace::import(ws) importing RooRealVar::mean
[#1] INFO:ObjectHandling -- RooWorkspace::import(ws) importing RooRealVar::sigma1
[#1] INFO:ObjectHandling -- RooWorkspace::import(ws) importing RooRealVar::cofs
[#1] INFO:ObjectHandling -- RooWorkspace::import(ws) importing RooGaussian::signal2
[#1] INFO:ObjectHandling -- RooWorkspace::import(ws) importing RooRealVar::sigma2
[#1] INFO:ObjectHandling -- RooWorkspace::import(ws) importing RooRealVar::n_signal
[#1] INFO:ObjectHandling -- RooWorkspace::import(ws) importing RooExponential::fit_side
[#1] INFO:ObjectHandling -- RooWorkspace::import(ws) importing RooRealVar::lambda
[#1] INFO:ObjectHandling -- RooWorkspace::import(ws) importing RooRealVar::n_combinatorial
[#1] INFO:ObjectHandling -- RooWorkspace::import(ws) importing RooGenericPdf::erf
[#1] INFO:ObjectHandling -- RooWorkspace::import(ws) importing RooRealVar::m_nonprompt_scale
[#1] INFO:ObjectHandling -- RooWorkspace::import(ws) importing RooRealVar::m_nonprompt_shift
[#1] INFO:ObjectHandling -- RooWorkspace::import(ws) importing RooProduct::n_erf
[#1] INFO:ObjectHandling -- RooWorkspace::import(ws) importing RooRealVar::f_erf
[#1] INFO:ObjectHandling -- RooWorkspace::import(ws) importing RooAddPdf::jpsipi
[#1] INFO:ObjectHandling -- RooWorkspace::import(ws) importing RooGaussian::m_jpsipi_gaussian3
[#1] INFO:ObjectHandling -- RooWorkspace::import(ws) importing RooRealVar::m_jpsipi_mean3
[#1] INFO:ObjectHandling -- RooWorkspace::import(ws) importing RooRealVar::m_jpsipi_sigma3
[#1] INFO:ObjectHandling -- RooWorkspace::import(ws) importing RooRealVar::m_jpsipi_fraction3
[#1] INFO:ObjectHandling -- RooWorkspace::import(ws) importing RooGaussian::m_jpsipi_gaussian2
[#1] INFO:ObjectHandling -- RooWorkspace::import(ws) importing RooRealVar::m_jpsipi_mean2
[#1] INFO:ObjectHandling -- RooWorkspace::import(ws) importing RooRealVar::m_jpsipi_sigma2
[#1] INFO:ObjectHandling -- RooWorkspace::import(ws) importing RooRealVar::m_jpsipi_fraction2
[#1] INFO:ObjectHandling -- RooWorkspace::import(ws) importing RooBifurGauss::m_jpsipi_gaussian1
[#1] INFO:ObjectHandling -- RooWorkspace::import(ws) importing RooRealVar::m_jpsipi_mean1
[#1] INFO:ObjectHandling -- RooWorkspace::import(ws) importing RooRealVar::m_jpsipi_sigma1l
[#1] INFO:ObjectHandling -- RooWorkspace::import(ws) importing RooRealVar::m_jpsipi_sigma1r
[#1] INFO:ObjectHandling -- RooWorkspace::import(ws) importing RooProduct::n_jpsipi
[#1] INFO:ObjectHandling -- RooWorkspace::import(ws) importing RooRealVar::f_jpsipi
[#1] INFO:Minization -- p.d.f. provides expected number of events, including extended term in likelihood.
[#1] INFO:Fitting -- RooAbsOptTestStatistic::ctor(nll_model_data) constructing test statistic for sub-range named all
[#1] INFO:Eval -- RooRealVar::setRange(Bmass) new range named 'NormalizationRangeForall' created with bounds [4.9,6.5]
[#1] INFO:Eval -- RooRealVar::setRange(Bmass) new range named 'fit_nll_model_data' created with bounds [4.9,6.5]
[#1] INFO:Fitting -- RooAbsOptTestStatistic::ctor(nll_model_data) fixing interpretation of coefficients of any RooAddPdf to full domain of observables 
[#1] INFO:NumericIntegration -- RooRealIntegral::init(erf_Int[Bmass]) using numeric integrator RooIntegrator1D to calculate Int(Bmass)
[#1] INFO:Minization -- createNLL: caching constraint set under name CONSTR_OF_PDF_model_FOR_OBS_Bmass:Bmu1eta with 0 entries
[#1] INFO:Minization -- RooMinimizer::optimizeConst: activating const optimization
[#1] INFO:NumericIntegration -- RooRealIntegral::init(erf_Int[Bmass]) using numeric integrator RooIntegrator1D to calculate Int(Bmass)
[#1] INFO:Minization --  The following expressions have been identified as constant and will be precalculated and cached: (erf,jpsipi)
[#1] INFO:Minization --  The following expressions will be evaluated in cache-and-track mode: (signal1,signal2,fit_side)
 **********
 **    1 **SET PRINT           1
 **********
 **********
 **    2 **SET NOGRAD
 **********
 PARAMETER DEFINITIONS:
    NO.   NAME         VALUE      STEP SIZE      LIMITS
     1 cofs         3.17000e-01  1.00000e-01    0.00000e+00  1.00000e+00
     2 f_erf        2.50259e-01  1.00000e-01    0.00000e+00  1.00000e+00
     3 lambda      -2.00000e+00  5.00000e-01   -5.00000e+00  0.00000e+00
     4 mean         5.26500e+00  2.00000e-02    5.16500e+00  5.36500e+00
     5 n_combinatorial   8.91363e+05  1.25105e+04    0.00000e+00  9.16384e+05
     6 n_signal     2.50210e+04  1.25105e+04    0.00000e+00  9.16384e+05
     7 sigma1       2.52000e-02  1.00000e-03    2.00000e-02  3.00000e-02
     8 sigma2       1.05200e-02  2.60000e-04    1.00000e-02  2.00000e-02
 **********
 **    3 **SET ERR         0.5
 **********
 **********
 **    4 **SET PRINT           1
 **********
 **********
 **    5 **SET STR           1
 **********
 NOW USING STRATEGY  1: TRY TO BALANCE SPEED AGAINST RELIABILITY
 **********
 **    6 **MIGRAD        4000           1
 **********
 FIRST CALL TO USER FUNCTION AT NEW START POINT, WITH IFLAG=4.
 START MIGRAD MINIMIZATION.  STRATEGY  1.  CONVERGENCE WHEN EDM .LT. 1.00e-03
 FCN=-1.12189e+07 FROM MIGRAD    STATUS=INITIATE       59 CALLS          60 TOTAL
                     EDM= unknown      STRATEGY= 1      NO ERROR MATRIX       
  EXT PARAMETER               CURRENT GUESS       STEP         FIRST   
  NO.   NAME      VALUE            ERROR          SIZE      DERIVATIVE 
   1  cofs         3.17000e-01   1.00000e-01   0.00000e+00  -5.00889e+01
   2  f_erf        2.50259e-01   1.00000e-01   0.00000e+00   6.84688e+03
   3  lambda      -2.00000e+00   5.00000e-01   0.00000e+00  -4.02423e+05
   4  mean         5.26500e+00   2.00000e-02   0.00000e+00  -1.70152e+04
   5  n_combinatorial   8.91363e+05   1.25105e+04   0.00000e+00   2.38349e+02
   6  n_signal     2.50210e+04   1.25105e+04   0.00000e+00   3.45701e+04
   7  sigma1       2.52000e-02   1.00000e-03   0.00000e+00  -2.46215e+01
   8  sigma2       1.99917e-02   2.60000e-04   2.62371e+00  -6.09884e+00
                               ERR DEF= 0.5
 MIGRAD FAILS TO FIND IMPROVEMENT
 MINUIT WARNING IN HESSE   
 ============== Negative diagonal element 8 in Error Matrix
 MINUIT WARNING IN HESSE   
 ============== 24.8321 added to diagonal of error matrix
 EIGENVALUES OF SECOND-DERIVATIVE MATRIX:
        -1.3435e+00  4.3156e-01  8.7447e-01  9.8024e-01  9.9981e-01  1.0182e+00  1.2025e+00  3.8367e+00
 MINUIT WARNING IN HESSE   
 ============== MATRIX FORCED POS-DEF BY ADDING 1.347322 TO DIAGONAL.
 FCN=-1.13209e+07 FROM HESSE     STATUS=NOT POSDEF     65 CALLS         358 TOTAL
                     EDM=68180.5    STRATEGY= 1      ERR MATRIX NOT POS-DEF
  EXT PARAMETER                APPROXIMATE        STEP         FIRST   
  NO.   NAME      VALUE            ERROR          SIZE      DERIVATIVE 
   1  cofs         6.68025e-01   1.49753e-01   1.19065e-01  -7.50818e+01
   2  f_erf        1.66274e-04   9.16676e-05   2.53526e-02  -2.16998e+02
   3  lambda      -8.71551e-01   2.08817e-03   2.97886e-03   1.10530e+03
   4  mean         5.28236e+00   1.51704e-03   7.23275e-03   2.11850e+02
   5  n_combinatorial   8.77165e+05   1.22714e+03   1.18618e-02   4.81091e+01
   6  n_signal     3.81401e+04   1.65397e+03   4.19072e-03   1.07479e+03
   7  sigma1       2.99904e-02   6.62377e-05   2.31310e-01   8.45554e+00
   8  sigma2       1.89511e-02   5.52365e-03   4.57146e-01   2.76905e+01
                               ERR DEF= 0.5
 MIGRAD FAILS TO FIND IMPROVEMENT
 MACHINE ACCURACY LIMITS FURTHER IMPROVEMENT.
 MIGRAD MINIMIZATION HAS CONVERGED.
 MIGRAD WILL VERIFY CONVERGENCE AND ERROR MATRIX.
 COVARIANCE MATRIX CALCULATED SUCCESSFULLY
 MIGRAD TERMINATED WITHOUT CONVERGENCE.
 FCN=-1.1321e+07 FROM MIGRAD    STATUS=FAILED        635 CALLS         636 TOTAL
                     EDM=0.00321934    STRATEGY= 1      ERR MATRIX APPROXIMATE
  EXT PARAMETER                APPROXIMATE        STEP         FIRST   
  NO.   NAME      VALUE            ERROR          SIZE      DERIVATIVE 
   1  cofs         8.42981e-01   9.70550e-03   5.24798e-02   1.58222e+00
   2  f_erf        5.51074e-09   2.97505e-05   2.53445e-02** at limit **
   3  lambda      -8.74715e-01   2.46703e-03   2.97910e-03   9.67291e+00
   4  mean         5.28188e+00   2.80324e-04   6.41936e-03   1.42625e+00
   5  n_combinatorial   8.76848e+05   9.90529e+02   1.18651e-02   5.87370e+00
   6  n_signal     3.80409e+04   3.67738e+02   4.19013e-03  -1.16848e+01
   7  sigma1       3.00000e-02   1.79488e-05   1.96120e-01** at limit **
   8  sigma2       1.00000e-02   1.64059e-04   5.00000e-01  -1.76146e-02
                               ERR DEF= 0.5
 EXTERNAL ERROR MATRIX.    NDIM=  25    NPAR=  8    ERR DEF=0.5
  9.422e-05 -2.741e-11  1.638e-06  5.752e-07 -1.240e+00  1.216e+00  4.046e-11 -9.911e-09 
 -2.741e-11  6.558e-13 -1.244e-13 -1.834e-13  1.113e-06 -3.116e-06  5.313e-17  1.015e-15 
  1.638e-06 -1.244e-13  6.086e-06 -3.712e-09 -1.447e-01  1.413e-01 -3.302e-12 -6.619e-11 
  5.752e-07 -1.834e-13 -3.712e-09  7.858e-08 -8.051e-03  7.898e-03 -2.309e-13  1.451e-11 
 -1.240e+00  1.113e-06 -1.447e-01 -8.051e-03  9.812e+05 -1.009e+05  2.398e-06  4.583e-05 
  1.216e+00 -3.116e-06  1.413e-01  7.898e-03 -1.009e+05  1.352e+05 -2.351e-06 -4.501e-05 
  4.046e-11  5.313e-17 -3.302e-12 -2.309e-13  2.398e-06 -2.351e-06  1.148e-14 -2.009e-15 
 -9.911e-09  1.015e-15 -6.619e-11  1.451e-11  4.583e-05 -4.501e-05 -2.009e-15  7.686e-12 
ERR MATRIX APPROXIMATE
 PARAMETER  CORRELATION COEFFICIENTS  
       NO.  GLOBAL      1      2      3      4      5      6      7      8
        1  0.53219   1.000 -0.003  0.068  0.211 -0.129  0.341  0.039 -0.368
        2  0.01070  -0.003  1.000 -0.000 -0.001  0.001 -0.010  0.001  0.000
        3  0.15895   0.068 -0.000  1.000 -0.005 -0.059  0.156 -0.012 -0.010
        4  0.23715   0.211 -0.001 -0.005  1.000 -0.029  0.077 -0.008  0.019
        5  0.28031  -0.129  0.001 -0.059 -0.029  1.000 -0.277  0.023  0.017
        6  0.44318   0.341 -0.010  0.156  0.077 -0.277  1.000 -0.060 -0.044
        7  0.09045   0.039  0.001 -0.012 -0.008  0.023 -0.060  1.000 -0.007
        8  0.39137  -0.368  0.000 -0.010  0.019  0.017 -0.044 -0.007  1.000
 ERR MATRIX APPROXIMATE
 **********
 **    7 **SET ERR         0.5
 **********
 **********
 **    8 **SET PRINT           1
 **********
 **********
 **    9 **HESSE        4000
 **********
 COVARIANCE MATRIX CALCULATED SUCCESSFULLY
 FCN=-1.1321e+07 FROM HESSE     STATUS=OK             65 CALLS         701 TOTAL
                     EDM=0.0032826    STRATEGY= 1      ERROR MATRIX ACCURATE 
  EXT PARAMETER                                INTERNAL      INTERNAL  
  NO.   NAME      VALUE            ERROR       STEP SIZE       VALUE   
   1  cofs         8.42981e-01   1.00919e-02   2.09919e-03  -5.52726e+00
   2  f_erf        5.51074e-09   2.97461e-05   5.06890e-03  -1.57094e+00
                                 WARNING -   - ABOVE PARAMETER IS AT LIMIT.
   3  lambda      -8.74715e-01   2.46808e-03   1.19164e-04   7.07734e-01
   4  mean         5.28188e+00   2.79309e-04   2.56774e-04   1.69608e-01
   5  n_combinatorial   8.76848e+05   9.93283e+02   4.74603e-04   1.15233e+00
   6  n_signal     3.80409e+04   3.71214e+02   1.67605e-04  -1.16043e+00
   7  sigma1       3.00000e-02   1.79267e-05   3.92241e-02  -1.09953e+01
                                 WARNING -   - ABOVE PARAMETER IS AT LIMIT.
   8  sigma2       1.00000e-02   1.75826e-04   5.00000e-01  -1.57295e+00
                               ERR DEF= 0.5
 EXTERNAL ERROR MATRIX.    NDIM=  25    NPAR=  8    ERR DEF=0.5
  1.019e-04 -5.888e-12  1.882e-06  5.685e-07 -1.436e+00  1.381e+00  8.346e-12 -1.283e-08 
 -5.888e-12  6.557e-13 -3.589e-14 -3.757e-14  2.240e-07 -6.009e-07  1.978e-18  3.862e-16 
  1.882e-06 -3.589e-14  6.091e-06 -2.577e-09 -1.507e-01  1.450e-01 -6.520e-13 -1.283e-10 
  5.685e-07 -3.757e-14 -2.577e-09  7.801e-08 -8.922e-03  8.583e-03 -4.534e-14 -5.606e-12 
 -1.436e+00  2.240e-07 -1.507e-01 -8.922e-03  9.866e+05 -1.052e+05  4.812e-07  9.413e-05 
  1.381e+00 -6.009e-07  1.450e-01  8.583e-03 -1.052e+05  1.378e+05 -4.629e-07 -9.055e-05 
  8.346e-12  1.978e-18 -6.520e-13 -4.534e-14  4.812e-07 -4.629e-07  1.146e-14 -5.764e-16 
 -1.283e-08  3.862e-16 -1.283e-10 -5.606e-12  9.413e-05 -9.055e-05 -5.764e-16  8.240e-12 
 PARAMETER  CORRELATION COEFFICIENTS  
       NO.  GLOBAL      1      2      3      4      5      6      7      8
        1  0.58093   1.000 -0.001  0.076  0.202 -0.143  0.369  0.008 -0.443
        2  0.00204  -0.001  1.000 -0.000 -0.000  0.000 -0.002  0.000  0.000
        3  0.16156   0.076 -0.000  1.000 -0.004 -0.061  0.158 -0.002 -0.018
        4  0.22258   0.202 -0.000 -0.004  1.000 -0.032  0.083 -0.002 -0.007
        5  0.28895  -0.143  0.000 -0.061 -0.032  1.000 -0.285  0.005  0.033
        6  0.45979   0.369 -0.002  0.158  0.083 -0.285  1.000 -0.012 -0.085
        7  0.01812   0.008  0.000 -0.002 -0.002  0.005 -0.012  1.000 -0.002
        8  0.45843  -0.443  0.000 -0.018 -0.007  0.033 -0.085 -0.002  1.000
[#1] INFO:Minization -- RooMinimizer::optimizeConst: deactivating const optimization
[#1] INFO:Plotting -- RooAbsPdf::plotOn(model) p.d.f was fitted in range and no explicit norm range was specified, using fit range as default
[#1] INFO:Plotting -- RooAbsPdf::plotOn(model) only plotting range 'all'
[#1] INFO:Plotting -- RooAbsPdf::plotOn(model) p.d.f. curve is normalized using explicit choice of ranges 'fit_nll_model_data'
[#1] INFO:NumericIntegration -- RooRealIntegral::init(erf_Int[Bmass]) using numeric integrator RooIntegrator1D to calculate Int(Bmass)
[#1] INFO:NumericIntegration -- RooRealIntegral::init(model_Int[Bmass|fit_nll_model_data]_Norm[Bmass]) using numeric integrator RooIntegrator1D to calculate Int(Bmass)
[#1] INFO:Plotting -- RooAbsPdf::plotOn(model) p.d.f was fitted in range and no explicit norm range was specified, using fit range as default
[#1] INFO:Plotting -- RooAbsPdf::plotOn(model) only plotting range 'all'
[#1] INFO:Plotting -- RooAbsPdf::plotOn(model) p.d.f. curve is normalized using explicit choice of ranges 'fit_nll_model_data'
[#1] INFO:Plotting -- RooAbsPdf::plotOn(model) directly selected PDF components: (fit_side)
[#1] INFO:Plotting -- RooAbsPdf::plotOn(model) indirectly selected PDF components: ()
[#1] INFO:NumericIntegration -- RooRealIntegral::init(erf_Int[Bmass]) using numeric integrator RooIntegrator1D to calculate Int(Bmass)
[#1] INFO:NumericIntegration -- RooRealIntegral::init(model_Int[Bmass|fit_nll_model_data]_Norm[Bmass]) using numeric integrator RooIntegrator1D to calculate Int(Bmass)
[#1] INFO:Plotting -- RooAbsPdf::plotOn(model) p.d.f was fitted in range and no explicit norm range was specified, using fit range as default
[#1] INFO:Plotting -- RooAbsPdf::plotOn(model) only plotting range 'all'
[#1] INFO:Plotting -- RooAbsPdf::plotOn(model) p.d.f. curve is normalized using explicit choice of ranges 'fit_nll_model_data'
[#1] INFO:Plotting -- RooAbsPdf::plotOn(model) directly selected PDF components: (signal)
[#1] INFO:Plotting -- RooAbsPdf::plotOn(model) indirectly selected PDF components: (signal1,signal2)
[#1] INFO:NumericIntegration -- RooRealIntegral::init(erf_Int[Bmass]) using numeric integrator RooIntegrator1D to calculate Int(Bmass)
[#1] INFO:NumericIntegration -- RooRealIntegral::init(model_Int[Bmass|fit_nll_model_data]_Norm[Bmass]) using numeric integrator RooIntegrator1D to calculate Int(Bmass)
[#1] INFO:Plotting -- RooAbsPdf::plotOn(model) p.d.f was fitted in range and no explicit norm range was specified, using fit range as default
[#1] INFO:Plotting -- RooAbsPdf::plotOn(model) only plotting range 'all'
[#1] INFO:Plotting -- RooAbsPdf::plotOn(model) p.d.f. curve is normalized using explicit choice of ranges 'fit_nll_model_data'
[#1] INFO:Plotting -- RooAbsPdf::plotOn(model) directly selected PDF components: (erf)
[#1] INFO:Plotting -- RooAbsPdf::plotOn(model) indirectly selected PDF components: ()
[#1] INFO:NumericIntegration -- RooRealIntegral::init(erf_Int[Bmass]) using numeric integrator RooIntegrator1D to calculate Int(Bmass)
[#1] INFO:NumericIntegration -- RooRealIntegral::init(model_Int[Bmass|fit_nll_model_data]_Norm[Bmass]) using numeric integrator RooIntegrator1D to calculate Int(Bmass)
[#1] INFO:Plotting -- RooAbsPdf::plotOn(model) p.d.f was fitted in range and no explicit norm range was specified, using fit range as default
[#1] INFO:Plotting -- RooAbsPdf::plotOn(model) only plotting range 'all'
[#1] INFO:Plotting -- RooAbsPdf::plotOn(model) p.d.f. curve is normalized using explicit choice of ranges 'fit_nll_model_data'
[#1] INFO:Plotting -- RooAbsPdf::plotOn(model) directly selected PDF components: (jpsipi)
[#1] INFO:Plotting -- RooAbsPdf::plotOn(model) indirectly selected PDF components: (m_jpsipi_gaussian3,m_jpsipi_gaussian2,m_jpsipi_gaussian1)
[#1] INFO:NumericIntegration -- RooRealIntegral::init(erf_Int[Bmass]) using numeric integrator RooIntegrator1D to calculate Int(Bmass)
[#1] INFO:NumericIntegration -- RooRealIntegral::init(model_Int[Bmass|fit_nll_model_data]_Norm[Bmass]) using numeric integrator RooIntegrator1D to calculate Int(Bmass)

Integral right band: 0.00627637

Factor: 0.395556
bins: 20
n in create_histogram = 20
name: Bmu1eta
histo name: Bmu1eta
Info in <TCanvas::Print>: pdf file ./results/Bu/sideband_sub/Bmu1etasideband_sub_Bu.pdf has been created
Info in <TCanvas::Print>: gif file ./results/Bu/sideband_sub/Bmu1etasideband_sub_Bu.gif has been created
[#1] INFO:NumericIntegration -- RooRealIntegral::init(erf_Int[Bmass]) using numeric integrator RooIntegrator1D to calculate Int(Bmass)
[#1] INFO:Minization -- createNLL picked up cached consraints from workspace with 0 entries
[#1] INFO:Minization -- RooMinimizer::optimizeConst: activating const optimization
[#1] INFO:NumericIntegration -- RooRealIntegral::init(erf_Int[Bmass]) using numeric integrator RooIntegrator1D to calculate Int(Bmass)
[#1] INFO:Minization --  The following expressions have been identified as constant and will be precalculated and cached: (erf,jpsipi)
[#1] INFO:Minization --  The following expressions will be evaluated in cache-and-track mode: (signal1,signal2,fit_side)
 **********
 **   10 **SET PRINT           1
 **********
 **********
 **   11 **SET NOGRAD
 **********
 PARAMETER DEFINITIONS:
    NO.   NAME         VALUE      STEP SIZE      LIMITS
     1 cofs         8.42981e-01  1.00919e-02    0.00000e+00  1.00000e+00
     2 f_erf        5.51074e-09  2.97461e-05    0.00000e+00  1.00000e+00
 MINUIT WARNING IN PARAMETR
 ============== VARIABLE2 IS AT ITS LOWER ALLOWED LIMIT.
 MINUIT WARNING IN PARAMETR
 ============== VARIABLE2 BROUGHT BACK INSIDE LIMITS.
     3 lambda      -8.74715e-01  2.46808e-03   -5.00000e+00  0.00000e+00
     4 mean         5.28188e+00  2.79309e-04    5.16500e+00  5.36500e+00
     5 n_combinatorial   8.76848e+05  9.93283e+02    0.00000e+00  9.16384e+05
     6 n_signal     3.80409e+04  3.71214e+02    0.00000e+00  9.16384e+05
     7 sigma1       3.00000e-02  1.79267e-05    2.00000e-02  3.00000e-02
 MINUIT WARNING IN PARAMETR
 ============== VARIABLE7 BROUGHT BACK INSIDE LIMITS.
     8 sigma2       1.00000e-02  1.75826e-04    1.00000e-02  2.00000e-02
 MINUIT WARNING IN PARAMETR
 ============== VARIABLE8 BROUGHT BACK INSIDE LIMITS.
 **********
 **   12 **SET ERR         0.5
 **********
 **********
 **   13 **SET PRINT           1
 **********
 **********
 **   14 **SET STR           1
 **********
 NOW USING STRATEGY  1: TRY TO BALANCE SPEED AGAINST RELIABILITY
 **********
 **   15 **MIGRAD        4000           1
 **********
 FIRST CALL TO USER FUNCTION AT NEW START POINT, WITH IFLAG=4.
 MINUIT WARNING IN MIGrad    
 ============== VARIABLE2 IS AT ITS LOWER ALLOWED LIMIT.
 START MIGRAD MINIMIZATION.  STRATEGY  1.  CONVERGENCE WHEN EDM .LT. 1.00e-03
 FCN=-1.1321e+07 FROM MIGRAD    STATUS=INITIATE       32 CALLS          33 TOTAL
                     EDM= unknown      STRATEGY= 1      NO ERROR MATRIX       
  EXT PARAMETER               CURRENT GUESS       STEP         FIRST   
  NO.   NAME      VALUE            ERROR          SIZE      DERIVATIVE 
   1  cofs         8.42981e-01   1.00919e-02   2.77518e-02  -7.08400e-01
   2  f_erf        9.53674e-07   2.97461e-05   4.56420e-03   1.64136e+01
   3  lambda      -8.74715e-01   2.46808e-03   1.29927e-03   7.67657e+00
   4  mean         5.28188e+00   2.79309e-04   2.83375e-03  -5.30926e-02
   5  n_combinatorial   8.76848e+05   9.93283e+02   5.33518e-03  -5.56924e-01
   6  n_signal     3.80409e+04   3.71214e+02   2.03082e-03  -8.72567e+00
   7  sigma1       3.00000e-02   1.79267e-05   4.30766e-02** at limit **
   8  sigma2       1.00000e-02   1.75826e-04   1.32019e-01   5.71694e-02
                               ERR DEF= 0.5
 MIGRAD FAILS TO FIND IMPROVEMENT
 MIGRAD MINIMIZATION HAS CONVERGED.
 MIGRAD WILL VERIFY CONVERGENCE AND ERROR MATRIX.
 COVARIANCE MATRIX CALCULATED SUCCESSFULLY
 FCN=-1.1321e+07 FROM HESSE     STATUS=OK             73 CALLS         133 TOTAL
                     EDM=0.00202107    STRATEGY= 1      ERROR MATRIX ACCURATE 
  EXT PARAMETER                                   STEP         FIRST   
  NO.   NAME      VALUE            ERROR          SIZE      DERIVATIVE 
   1  cofs         8.43113e-01   9.70372e-03   5.24811e-02   2.07040e+00
   2  f_erf        1.33227e-15   2.97460e-05   2.53444e-02** at limit **
   3  lambda      -8.74739e-01   2.46702e-03   2.97910e-03   1.49526e-01
   4  mean         5.28188e+00   2.80360e-04   6.41942e-03   1.92944e-01
   5  n_combinatorial   8.76851e+05   9.90571e+02   1.18651e-02   7.28995e+00
   6  n_signal     3.80461e+04   3.67733e+02   4.19012e-03  -4.82310e+00
   7  sigma1       3.00000e-02   1.79481e-05   1.96115e-01** at limit **
   8  sigma2       1.00000e-02   1.63101e-04   5.00000e-01  -8.57902e-03
                               ERR DEF= 0.5
 EIGENVALUES OF SECOND-DERIVATIVE MATRIX:
        -2.8615e-01  6.8945e-01  9.0362e-01  9.8035e-01  1.0001e+00  1.0284e+00  1.1741e+00  2.5100e+00
 MINUIT WARNING IN MIGRAD  
 ============== MATRIX FORCED POS-DEF BY ADDING 0.288658 TO DIAGONAL.
 MIGRAD MINIMIZATION HAS CONVERGED.
 MIGRAD WILL VERIFY CONVERGENCE AND ERROR MATRIX.
 COVARIANCE MATRIX CALCULATED SUCCESSFULLY
 FCN=-1.1321e+07 FROM MIGRAD    STATUS=CONVERGED     261 CALLS         262 TOTAL
                     EDM=5.13651e-05    STRATEGY= 1      ERROR MATRIX ACCURATE 
  EXT PARAMETER                                   STEP         FIRST   
  NO.   NAME      VALUE            ERROR          SIZE      DERIVATIVE 
   1  cofs         8.42771e-01   9.73872e-03   5.24343e-02   2.24881e-01
   2  f_erf        3.16414e-15   2.97468e-05   2.53427e-02** at limit **
   3  lambda      -8.74739e-01   2.46703e-03   2.97906e-03   2.91458e-01
   4  mean         5.28188e+00   2.80214e-04   6.41731e-03   6.84599e-02
   5  n_combinatorial   8.76821e+05   9.90349e+02   1.18590e-02   9.24101e-01
   6  n_signal     3.80467e+04   3.67762e+02   4.18970e-03  -3.52400e-01
   7  sigma1       3.00000e-02   1.79007e-05   1.95866e-01** at limit **
   8  sigma2       1.00000e-02   1.67454e-04   5.00000e-01   1.46016e-02
                               ERR DEF= 0.5
 EXTERNAL ERROR MATRIX.    NDIM=  25    NPAR=  8    ERR DEF=0.5
  9.487e-05 -2.115e-14  1.643e-06  5.730e-07 -1.244e+00  1.220e+00  1.498e-11 -8.794e-09 
 -2.115e-14  3.790e-19 -9.544e-17 -1.408e-16  8.553e-10 -2.397e-09  1.512e-20  6.934e-19 
  1.643e-06 -9.544e-17  6.086e-06 -3.718e-09 -1.446e-01  1.413e-01 -1.222e-12 -5.877e-11 
  5.730e-07 -1.408e-16 -3.718e-09  7.852e-08 -8.036e-03  7.886e-03 -8.563e-14  1.288e-11 
 -1.244e+00  8.553e-10 -1.446e-01 -8.036e-03  9.808e+05 -1.009e+05  8.868e-07  4.068e-05 
  1.220e+00 -2.397e-09  1.413e-01  7.886e-03 -1.009e+05  1.352e+05 -8.699e-07 -3.996e-05 
  1.498e-11  1.512e-20 -1.222e-12 -8.563e-14  8.868e-07 -8.699e-07  1.590e-15 -6.561e-16 
 -8.794e-09  6.934e-19 -5.877e-11  1.288e-11  4.068e-05 -3.996e-05 -6.561e-16  5.735e-12 
 PARAMETER  CORRELATION COEFFICIENTS  
       NO.  GLOBAL      1      2      3      4      5      6      7      8
        1  0.53723   1.000 -0.004  0.068  0.210 -0.129  0.341  0.039 -0.377
        2  0.01082  -0.004  1.000 -0.000 -0.001  0.001 -0.011  0.001  0.000
        3  0.15896   0.068 -0.000  1.000 -0.005 -0.059  0.156 -0.012 -0.010
        4  0.23690   0.210 -0.001 -0.005  1.000 -0.029  0.077 -0.008  0.019
        5  0.28028  -0.129  0.001 -0.059 -0.029  1.000 -0.277  0.022  0.017
        6  0.44335   0.341 -0.011  0.156  0.077 -0.277  1.000 -0.059 -0.045
        7  0.08988   0.039  0.001 -0.012 -0.008  0.022 -0.059  1.000 -0.007
        8  0.40043  -0.377  0.000 -0.010  0.019  0.017 -0.045 -0.007  1.000
 **********
 **   16 **SET ERR         0.5
 **********
 **********
 **   17 **SET PRINT           1
 **********
 **********
 **   18 **HESSE        4000
 **********
 COVARIANCE MATRIX CALCULATED SUCCESSFULLY
 FCN=-1.1321e+07 FROM HESSE     STATUS=OK             65 CALLS         327 TOTAL
                     EDM=5.17191e-05    STRATEGY= 1      ERROR MATRIX ACCURATE 
  EXT PARAMETER                                INTERNAL      INTERNAL  
  NO.   NAME      VALUE            ERROR       STEP SIZE       VALUE   
   1  cofs         8.42771e-01   1.01465e-02   2.09737e-03   7.55349e-01
   2  f_erf        3.16414e-15   2.97423e-05   5.06855e-03  -1.57080e+00
                                 WARNING -   - ABOVE PARAMETER IS AT LIMIT.
   3  lambda      -8.74739e-01   2.46810e-03   1.19162e-04   7.07722e-01
   4  mean         5.28188e+00   2.79199e-04   2.56692e-04   1.69583e-01
   5  n_combinatorial   8.76821e+05   9.93127e+02   4.74361e-04   1.15219e+00
   6  n_signal     3.80467e+04   3.71299e+02   1.67588e-04  -1.16040e+00
   7  sigma1       3.00000e-02   1.78797e-05   3.91732e-02   1.57070e+00
                                 WARNING -   - ABOVE PARAMETER IS AT LIMIT.
   8  sigma2       1.00000e-02   1.80145e-04   5.00000e-01  -1.56895e+00
                               ERR DEF= 0.5
 EXTERNAL ERROR MATRIX.    NDIM=  25    NPAR=  8    ERR DEF=0.5
  1.030e-04 -4.783e-15  1.894e-06  5.678e-07 -1.444e+00  1.389e+00  3.054e-12 -1.142e-08 
 -4.783e-15  3.789e-19 -2.921e-17 -3.032e-17  1.810e-10 -4.854e-10  5.825e-22  2.776e-19 
  1.894e-06 -2.921e-17  6.092e-06 -2.576e-09 -1.507e-01  1.450e-01 -2.378e-13 -1.142e-10 
  5.678e-07 -3.032e-17 -2.576e-09  7.795e-08 -8.913e-03  8.577e-03 -1.656e-14 -4.922e-12 
 -1.444e+00  1.810e-10 -1.507e-01 -8.913e-03  9.863e+05 -1.053e+05  1.754e-07  8.378e-05 
  1.389e+00 -4.854e-10  1.450e-01  8.577e-03 -1.053e+05  1.379e+05 -1.688e-07 -8.062e-05 
  3.054e-12  5.825e-22 -2.378e-13 -1.656e-14  1.754e-07 -1.688e-07  1.588e-15 -1.862e-16 
 -1.142e-08  2.776e-19 -1.142e-10 -4.922e-12  8.378e-05 -8.062e-05 -1.862e-16  6.173e-12 
 PARAMETER  CORRELATION COEFFICIENTS  
       NO.  GLOBAL      1      2      3      4      5      6      7      8
        1  0.58742   1.000 -0.001  0.076  0.200 -0.143  0.369  0.008 -0.453
        2  0.00217  -0.001  1.000 -0.000 -0.000  0.000 -0.002  0.000  0.000
        3  0.16161   0.076 -0.000  1.000 -0.004 -0.061  0.158 -0.002 -0.019
        4  0.22229   0.200 -0.000 -0.004  1.000 -0.032  0.083 -0.001 -0.007
        5  0.28901  -0.143  0.000 -0.061 -0.032  1.000 -0.285  0.004  0.034
        6  0.46023   0.369 -0.002  0.158  0.083 -0.285  1.000 -0.011 -0.087
        7  0.01775   0.008  0.000 -0.002 -0.001  0.004 -0.011  1.000 -0.002
        8  0.46886  -0.453  0.000 -0.019 -0.007  0.034 -0.087 -0.002  1.000
[#1] INFO:Minization -- RooMinimizer::optimizeConst: deactivating const optimization
[#1] INFO:NumericIntegration -- RooRealIntegral::init(erf_Int[Bmass]) using numeric integrator RooIntegrator1D to calculate Int(Bmass)
[#1] INFO:Minization -- createNLL picked up cached consraints from workspace with 0 entries
[#1] INFO:Minization -- RooMinimizer::optimizeConst: activating const optimization
[#1] INFO:NumericIntegration -- RooRealIntegral::init(erf_Int[Bmass]) using numeric integrator RooIntegrator1D to calculate Int(Bmass)
[#1] INFO:Minization --  The following expressions have been identified as constant and will be precalculated and cached: (signal,fit_side,erf,jpsipi)
[#1] INFO:Fitting -- RooAbsPdf::fitTo(model) Calculating sum-of-weights-squared correction matrix for covariance matrix
[#1] INFO:Minization -- RooMinimizer::optimizeConst: deactivating const optimization
[#1] INFO:InputArguments -- Printing Yields
RooArgList:: = (n_signal,n_combinatorial)
[#1] INFO:InputArguments -- yield in pdf: n_signal 38047.3
[#1] INFO:InputArguments -- yield in pdf: n_combinatorial 876816
[#1] INFO:NumericIntegration -- RooRealIntegral::init(erf_Int[Bmass]) using numeric integrator RooIntegrator1D to calculate Int(Bmass)
[#1] INFO:Eval -- Checking Likelihood normalization:  
[#1] INFO:Eval -- Yield of specie  Sum of Row in Matrix   Norm
[#1] INFO:Eval -- 38047.3 36549.6 1.01313
[#1] INFO:Eval -- 876816 876813 1.00116
[#1] INFO:Eval -- Calculating sWeight

Yield of B+ is 38047.3.  From sWeights it is 38047.3
Yield of background is 876816.  From sWeights it is 876816

[#1] INFO:ObjectHandling -- RooWorkspace::import(ws) importing dataset data
[#1] INFO:ObjectHandling -- RooWorkSpace::import(ws) changing name of dataset from  data to dataWithSWeights
[#1] INFO:ObjectHandling -- RooWorkspace::import(ws) importing RooRealVar::n_signal_sw
[#1] INFO:ObjectHandling -- RooWorkspace::import(ws) importing RooRealVar::L_n_signal
[#1] INFO:ObjectHandling -- RooWorkspace::import(ws) importing RooRealVar::n_combinatorial_sw
[#1] INFO:ObjectHandling -- RooWorkspace::import(ws) importing RooRealVar::L_n_combinatorial
[#1] INFO:Plotting -- RooAbsPdf::plotOn(model) p.d.f was fitted in range and no explicit plot,norm range was specified, using fit range as default
[#1] INFO:Plotting -- RooAbsPdf::plotOn(model) only plotting range 'fit_nll_model_data'
[#1] INFO:Plotting -- RooAbsPdf::plotOn(model) p.d.f. curve is normalized using explicit choice of ranges 'fit_nll_model_data'
[#1] INFO:NumericIntegration -- RooRealIntegral::init(erf_Int[Bmass]) using numeric integrator RooIntegrator1D to calculate Int(Bmass)
[#1] INFO:NumericIntegration -- RooRealIntegral::init(model_Int[Bmass|fit_nll_model_data]_Norm[Bmass]) using numeric integrator RooIntegrator1D to calculate Int(Bmass)
[#1] INFO:Plotting -- RooAbsPdf::plotOn(model) p.d.f was fitted in range and no explicit plot,norm range was specified, using fit range as default
[#1] INFO:Plotting -- RooAbsPdf::plotOn(model) only plotting range 'fit_nll_model_data'
[#1] INFO:Plotting -- RooAbsPdf::plotOn(model) p.d.f. curve is normalized using explicit choice of ranges 'fit_nll_model_data'
[#1] INFO:Plotting -- RooAbsPdf::plotOn(model) directly selected PDF components: (signal)
[#1] INFO:Plotting -- RooAbsPdf::plotOn(model) indirectly selected PDF components: (signal1,signal2)
[#1] INFO:NumericIntegration -- RooRealIntegral::init(erf_Int[Bmass]) using numeric integrator RooIntegrator1D to calculate Int(Bmass)
[#1] INFO:NumericIntegration -- RooRealIntegral::init(model_Int[Bmass|fit_nll_model_data]_Norm[Bmass]) using numeric integrator RooIntegrator1D to calculate Int(Bmass)
[#1] INFO:Plotting -- RooAbsPdf::plotOn(model) p.d.f was fitted in range and no explicit plot,norm range was specified, using fit range as default
[#1] INFO:Plotting -- RooAbsPdf::plotOn(model) only plotting range 'fit_nll_model_data'
[#1] INFO:Plotting -- RooAbsPdf::plotOn(model) p.d.f. curve is normalized using explicit choice of ranges 'fit_nll_model_data'
[#1] INFO:Plotting -- RooAbsPdf::plotOn(model) directly selected PDF components: (fit_side)
[#1] INFO:Plotting -- RooAbsPdf::plotOn(model) indirectly selected PDF components: ()
[#1] INFO:NumericIntegration -- RooRealIntegral::init(erf_Int[Bmass]) using numeric integrator RooIntegrator1D to calculate Int(Bmass)
[#1] INFO:NumericIntegration -- RooRealIntegral::init(model_Int[Bmass|fit_nll_model_data]_Norm[Bmass]) using numeric integrator RooIntegrator1D to calculate Int(Bmass)
[#1] INFO:ObjectHandling -- RooWorkspace::import(ws) importing dataset dataWithSWeights
[#1] INFO:ObjectHandling -- RooWorkSpace::import(ws) changing name of dataset from  dataWithSWeights to dataWBp
Info in <TCanvas::Print>: gif file ./results/Bu/splot/Bmass/Bmu1etasPlot_Bu.gif has been created
Info in <TCanvas::Print>: pdf file ./results/Bu/splot/Bmass/Bmu1etasPlot_Bu.pdf has been created
Warning in <TFile::Append>: Replacing existing TH1: dataWithSWeights__Bmu1eta (Potential memory leak).
Info in <TCanvas::Print>: gif file ./results/Bu/splot/sig/Bmu1etasPlot_Bu.gif has been created
Info in <TCanvas::Print>: pdf file ./results/Bu/splot/sig/Bmu1etasPlot_Bu.pdf has been created
Info in <TCanvas::Print>: gif file ./results/Bu/splot/bkg/Bmu1etasPlot_Bu.gif has been created
Info in <TCanvas::Print>: pdf file ./results/Bu/splot/bkg/Bmu1etasPlot_Bu.pdf has been created
Info in <TCanvas::Print>: gif file ./results/Bu/splot/sig_bkg/Bmu1etasPlot_Bu.gif has been created
Info in <TCanvas::Print>: pdf file ./results/Bu/splot/sig_bkg/Bmu1etasPlot_Bu.pdf has been created
Info in <TCanvas::MakeDefCanvas>:  created default TCanvas with name c1
SysError in <TFile::TFile>: file ./results/Bu/mc_validation_plots/weights//weights.root can not be opened (No such file or directory)
Error in <TFile::WriteTObject>: Directory ./results/Bu/mc_validation_plots/weights//weights.root is not writable
root.exe ERROR: cannot open image file "./results/Bu/mc_validation_plots/weights//Bmu1eta_weights.gif" for writing. Please check permissions.
Warning in <TFile::Write>: file ./results/Bu/mc_validation_plots/weights//weights.root not opened in write mode
TFile**		./results/Bu/mc_validation_plots/weights//weights.root	
 TFile*		./results/Bu/mc_validation_plots/weights//weights.root	
Info in <TCanvas::Print>: pdf file ./results/Bu/mc_validation_plots/ss_mc/Bmu1eta_mc_validation_Bu.pdf has been created
Info in <TCanvas::Print>: gif file ./results/Bu/mc_validation_plots/ss_mc/Bmu1eta_mc_validation_Bu.gif has been created
Info in <TCanvas::Print>: pdf file ./results/Bu/mc_validation_plots/ss_sp/Bmu1eta_mc_validation_Bu.pdf has been created
Info in <TCanvas::Print>: gif file ./results/Bu/mc_validation_plots/ss_sp/Bmu1eta_mc_validation_Bu.gif has been created
Info in <TCanvas::Print>: pdf file ./results/Bu/mc_validation_plots/mc_sp/Bmu1eta_mc_validation_Bu.pdf has been created
Info in <TCanvas::Print>: gif file ./results/Bu/mc_validation_plots/mc_sp/Bmu1eta_mc_validation_Bu.gif has been created
Info in <TCanvas::Print>: pdf file ./results/Bu/mc_validation_plots/ss_mc_sp/Bmu1eta_mc_validation_Bu.pdf has been created
Info in <TCanvas::Print>: gif file ./results/Bu/mc_validation_plots/ss_mc_sp/Bmu1eta_mc_validation_Bu.gif has been created
